37d36
< (0, 1, 2, 3, 4, 6) (0, 1, 4, 5, 8, 9)
42d40
< (0, 1, 2, 3, 4, 6) (0, 2, 4, 5, 8, 9)
46d43
< (0, 1, 2, 3, 4, 6) (0, 3, 4, 5, 8, 9)
51d47
< (0, 1, 2, 3, 4, 6) (0, 4, 5, 7, 8, 9)
54d49
< (0, 1, 2, 3, 4, 6) (1, 2, 4, 5, 8, 9)
59d53
< (0, 1, 2, 3, 4, 6) (1, 4, 5, 7, 8, 9)
135d128
< (0, 1, 2, 3, 5, 6) (0, 1, 2, 4, 8, 9)
138d130
< (0, 1, 2, 3, 5, 6) (0, 1, 4, 5, 8, 9)
140d131
< (0, 1, 2, 3, 5, 6) (0, 2, 3, 4, 8, 9)
142d132
< (0, 1, 2, 3, 5, 6) (0, 2, 4, 5, 8, 9)
145d134
< (0, 1, 2, 3, 5, 6) (0, 2, 4, 7, 8, 9)
147d135
< (0, 1, 2, 3, 5, 6) (0, 3, 4, 5, 8, 9)
150d137
< (0, 1, 2, 3, 5, 6) (0, 4, 5, 7, 8, 9)
154d140
< (0, 1, 2, 3, 5, 6) (1, 2, 4, 5, 8, 9)
157d142
< (0, 1, 2, 3, 5, 6) (1, 2, 4, 7, 8, 9)
162d146
< (0, 1, 2, 3, 5, 6) (1, 4, 5, 7, 8, 9)
165d148
< (0, 1, 2, 3, 6, 7) (0, 1, 4, 5, 8, 9)
167d149
< (0, 1, 2, 3, 6, 7) (0, 2, 4, 5, 8, 9)
169d150
< (0, 1, 2, 3, 6, 7) (0, 3, 4, 5, 8, 9)
172d152
< (0, 1, 2, 3, 6, 7) (0, 4, 5, 7, 8, 9)
174d153
< (0, 1, 2, 3, 6, 7) (1, 2, 4, 5, 8, 9)
179d157
< (0, 1, 2, 3, 6, 7) (1, 4, 5, 7, 8, 9)
182d159
< (0, 1, 2, 3, 6, 8) (0, 1, 2, 4, 5, 9)
190,191d166
< (0, 1, 2, 3, 6, 8) (0, 1, 4, 5, 7, 9)
< (0, 1, 2, 3, 6, 8) (0, 1, 4, 5, 8, 9)
193d167
< (0, 1, 2, 3, 6, 8) (0, 2, 4, 5, 8, 9)
195d168
< (0, 1, 2, 3, 6, 8) (0, 3, 4, 5, 8, 9)
198d170
< (0, 1, 2, 3, 6, 8) (0, 4, 5, 7, 8, 9)
204,205d175
< (0, 1, 2, 3, 6, 8) (1, 2, 4, 5, 7, 9)
< (0, 1, 2, 3, 6, 8) (1, 2, 4, 5, 8, 9)
214d183
< (0, 1, 2, 3, 6, 8) (1, 4, 5, 7, 8, 9)
217d185
< (0, 1, 2, 3, 6, 9) (0, 1, 4, 5, 8, 9)
219d186
< (0, 1, 2, 3, 6, 9) (0, 2, 4, 5, 8, 9)
221d187
< (0, 1, 2, 3, 6, 9) (0, 3, 4, 5, 8, 9)
224d189
< (0, 1, 2, 3, 6, 9) (0, 4, 5, 7, 8, 9)
226d190
< (0, 1, 2, 3, 6, 9) (1, 2, 4, 5, 8, 9)
231d194
< (0, 1, 2, 3, 6, 9) (1, 4, 5, 7, 8, 9)
237d199
< (0, 1, 2, 4, 5, 6) (0, 2, 3, 4, 8, 9)
242d203
< (0, 1, 2, 4, 5, 6) (0, 3, 4, 5, 8, 9)
264d224
< (0, 1, 2, 4, 6, 7) (0, 3, 4, 5, 8, 9)
280d239
< (0, 1, 2, 4, 6, 8) (0, 3, 4, 5, 8, 9)
294d252
< (0, 1, 2, 4, 6, 9) (0, 3, 4, 5, 8, 9)
321d278
< (0, 1, 2, 5, 6, 7) (0, 2, 3, 4, 8, 9)
323d279
< (0, 1, 2, 5, 6, 7) (0, 3, 4, 5, 8, 9)
338d293
< (0, 1, 2, 5, 6, 8) (0, 2, 3, 4, 8, 9)
340d294
< (0, 1, 2, 5, 6, 8) (0, 3, 4, 5, 8, 9)
356d309
< (0, 1, 2, 5, 6, 9) (0, 2, 3, 4, 8, 9)
358d310
< (0, 1, 2, 5, 6, 9) (0, 3, 4, 5, 8, 9)
369d320
< (0, 1, 2, 6, 7, 8) (0, 3, 4, 5, 8, 9)
379d329
< (0, 1, 2, 6, 7, 9) (0, 3, 4, 5, 8, 9)
388d337
< (0, 1, 2, 6, 8, 9) (0, 3, 4, 5, 8, 9)
399d347
< (0, 1, 3, 4, 5, 6) (0, 1, 2, 4, 8, 9)
404d351
< (0, 1, 3, 4, 5, 6) (0, 2, 3, 4, 8, 9)
409d355
< (0, 1, 3, 4, 5, 6) (0, 2, 4, 5, 8, 9)
412d357
< (0, 1, 3, 4, 5, 6) (0, 2, 4, 7, 8, 9)
419d363
< (0, 1, 3, 4, 5, 6) (1, 2, 4, 5, 8, 9)
422d365
< (0, 1, 3, 4, 5, 6) (1, 2, 4, 7, 8, 9)
498d440
< (0, 1, 3, 5, 6, 7) (0, 1, 2, 4, 8, 9)
500d441
< (0, 1, 3, 5, 6, 7) (0, 2, 3, 4, 8, 9)
502d442
< (0, 1, 3, 5, 6, 7) (0, 2, 4, 5, 8, 9)
505d444
< (0, 1, 3, 5, 6, 7) (0, 2, 4, 7, 8, 9)
509d447
< (0, 1, 3, 5, 6, 7) (1, 2, 4, 5, 8, 9)
512d449
< (0, 1, 3, 5, 6, 7) (1, 2, 4, 7, 8, 9)
519d455
< (0, 1, 3, 5, 6, 8) (0, 1, 2, 4, 5, 9)
523,524d458
< (0, 1, 3, 5, 6, 8) (0, 1, 2, 4, 7, 9)
< (0, 1, 3, 5, 6, 8) (0, 1, 2, 4, 8, 9)
526d459
< (0, 1, 3, 5, 6, 8) (0, 2, 3, 4, 8, 9)
528d460
< (0, 1, 3, 5, 6, 8) (0, 2, 4, 5, 8, 9)
531d462
< (0, 1, 3, 5, 6, 8) (0, 2, 4, 7, 8, 9)
542,543d472
< (0, 1, 3, 5, 6, 8) (1, 2, 4, 5, 7, 9)
< (0, 1, 3, 5, 6, 8) (1, 2, 4, 5, 8, 9)
547d475
< (0, 1, 3, 5, 6, 8) (1, 2, 4, 7, 8, 9)
550d477
< (0, 1, 3, 5, 6, 9) (0, 1, 2, 4, 8, 9)
552d478
< (0, 1, 3, 5, 6, 9) (0, 2, 3, 4, 8, 9)
554d479
< (0, 1, 3, 5, 6, 9) (0, 2, 4, 5, 8, 9)
557d481
< (0, 1, 3, 5, 6, 9) (0, 2, 4, 7, 8, 9)
561d484
< (0, 1, 3, 5, 6, 9) (1, 2, 4, 5, 8, 9)
564d486
< (0, 1, 3, 5, 6, 9) (1, 2, 4, 7, 8, 9)
568d489
< (0, 1, 4, 5, 6, 7) (0, 2, 3, 4, 8, 9)
584d504
< (0, 1, 4, 5, 6, 8) (0, 2, 3, 4, 8, 9)
598d517
< (0, 1, 4, 5, 6, 9) (0, 2, 3, 4, 8, 9)
629d547
< (0, 1, 5, 6, 7, 8) (0, 2, 3, 4, 8, 9)
639d556
< (0, 1, 5, 6, 7, 9) (0, 2, 3, 4, 8, 9)
648d564
< (0, 1, 5, 6, 8, 9) (0, 2, 3, 4, 8, 9)
659d574
< (0, 2, 3, 4, 6, 8) (0, 1, 2, 4, 5, 9)
673,674d587
< (0, 2, 3, 4, 6, 8) (0, 1, 4, 5, 7, 9)
< (0, 2, 3, 4, 6, 8) (0, 1, 4, 5, 8, 9)
683,684d595
< (0, 2, 3, 4, 6, 8) (1, 2, 4, 5, 7, 9)
< (0, 2, 3, 4, 6, 8) (1, 2, 4, 5, 8, 9)
693d603
< (0, 2, 3, 4, 6, 8) (1, 4, 5, 7, 8, 9)
725d634
< (0, 2, 3, 5, 6, 8) (0, 1, 2, 4, 5, 9)
729,730d637
< (0, 2, 3, 5, 6, 8) (0, 1, 2, 4, 7, 9)
< (0, 2, 3, 5, 6, 8) (0, 1, 2, 4, 8, 9)
738,739d644
< (0, 2, 3, 5, 6, 8) (0, 1, 4, 5, 7, 9)
< (0, 2, 3, 5, 6, 8) (0, 1, 4, 5, 8, 9)
750,751d654
< (0, 2, 3, 5, 6, 8) (1, 2, 4, 5, 7, 9)
< (0, 2, 3, 5, 6, 8) (1, 2, 4, 5, 8, 9)
755d657
< (0, 2, 3, 5, 6, 8) (1, 2, 4, 7, 8, 9)
764d665
< (0, 2, 3, 5, 6, 8) (1, 4, 5, 7, 8, 9)
767d667
< (0, 2, 3, 6, 7, 8) (0, 1, 2, 4, 5, 9)
775,776d674
< (0, 2, 3, 6, 7, 8) (0, 1, 4, 5, 7, 9)
< (0, 2, 3, 6, 7, 8) (0, 1, 4, 5, 8, 9)
782,783d679
< (0, 2, 3, 6, 7, 8) (1, 2, 4, 5, 7, 9)
< (0, 2, 3, 6, 7, 8) (1, 2, 4, 5, 8, 9)
792d687
< (0, 2, 3, 6, 7, 8) (1, 4, 5, 7, 8, 9)
795d689
< (0, 2, 3, 6, 8, 9) (0, 1, 2, 4, 5, 9)
803,804d696
< (0, 2, 3, 6, 8, 9) (0, 1, 4, 5, 7, 9)
< (0, 2, 3, 6, 8, 9) (0, 1, 4, 5, 8, 9)
810,811d701
< (0, 2, 3, 6, 8, 9) (1, 2, 4, 5, 7, 9)
< (0, 2, 3, 6, 8, 9) (1, 2, 4, 5, 8, 9)
820d709
< (0, 2, 3, 6, 8, 9) (1, 4, 5, 7, 8, 9)
970d858
< (0, 3, 4, 5, 6, 8) (0, 1, 2, 4, 5, 9)
974,975d861
< (0, 3, 4, 5, 6, 8) (0, 1, 2, 4, 7, 9)
< (0, 3, 4, 5, 6, 8) (0, 1, 2, 4, 8, 9)
992,993d877
< (0, 3, 4, 5, 6, 8) (1, 2, 4, 5, 7, 9)
< (0, 3, 4, 5, 6, 8) (1, 2, 4, 5, 8, 9)
997d880
< (0, 3, 4, 5, 6, 8) (1, 2, 4, 7, 8, 9)
1029d911
< (0, 3, 5, 6, 7, 8) (0, 1, 2, 4, 5, 9)
1033,1034d914
< (0, 3, 5, 6, 7, 8) (0, 1, 2, 4, 7, 9)
< (0, 3, 5, 6, 7, 8) (0, 1, 2, 4, 8, 9)
1045,1046d924
< (0, 3, 5, 6, 7, 8) (1, 2, 4, 5, 7, 9)
< (0, 3, 5, 6, 7, 8) (1, 2, 4, 5, 8, 9)
1050d927
< (0, 3, 5, 6, 7, 8) (1, 2, 4, 7, 8, 9)
1057d933
< (0, 3, 5, 6, 8, 9) (0, 1, 2, 4, 5, 9)
1061,1062d936
< (0, 3, 5, 6, 8, 9) (0, 1, 2, 4, 7, 9)
< (0, 3, 5, 6, 8, 9) (0, 1, 2, 4, 8, 9)
1073,1074d946
< (0, 3, 5, 6, 8, 9) (1, 2, 4, 5, 7, 9)
< (0, 3, 5, 6, 8, 9) (1, 2, 4, 5, 8, 9)
1078d949
< (0, 3, 5, 6, 8, 9) (1, 2, 4, 7, 8, 9)
1135d1005
< (1, 2, 3, 4, 5, 6) (0, 1, 2, 4, 8, 9)
1142d1011
< (1, 2, 3, 4, 5, 6) (0, 1, 4, 5, 8, 9)
1146d1014
< (1, 2, 3, 4, 5, 6) (0, 2, 3, 4, 8, 9)
1151d1018
< (1, 2, 3, 4, 5, 6) (0, 2, 4, 5, 8, 9)
1154d1020
< (1, 2, 3, 4, 5, 6) (0, 2, 4, 7, 8, 9)
1159d1024
< (1, 2, 3, 4, 5, 6) (0, 3, 4, 5, 8, 9)
1164d1028
< (1, 2, 3, 4, 5, 6) (0, 4, 5, 7, 8, 9)
1195d1058
< (1, 2, 3, 4, 6, 7) (0, 1, 4, 5, 8, 9)
1200d1062
< (1, 2, 3, 4, 6, 7) (0, 2, 4, 5, 8, 9)
1204d1065
< (1, 2, 3, 4, 6, 7) (0, 3, 4, 5, 8, 9)
1209d1069
< (1, 2, 3, 4, 6, 7) (0, 4, 5, 7, 8, 9)
1214d1073
< (1, 2, 3, 4, 6, 8) (0, 1, 2, 4, 5, 9)
1228,1229d1086
< (1, 2, 3, 4, 6, 8) (0, 1, 4, 5, 7, 9)
< (1, 2, 3, 4, 6, 8) (0, 1, 4, 5, 8, 9)
1235d1091
< (1, 2, 3, 4, 6, 8) (0, 2, 4, 5, 8, 9)
1239d1094
< (1, 2, 3, 4, 6, 8) (0, 3, 4, 5, 8, 9)
1244d1098
< (1, 2, 3, 4, 6, 8) (0, 4, 5, 7, 8, 9)
1250d1103
< (1, 2, 3, 4, 6, 9) (0, 1, 4, 5, 8, 9)
1255d1107
< (1, 2, 3, 4, 6, 9) (0, 2, 4, 5, 8, 9)
1259d1110
< (1, 2, 3, 4, 6, 9) (0, 3, 4, 5, 8, 9)
1264d1114
< (1, 2, 3, 4, 6, 9) (0, 4, 5, 7, 8, 9)
1311d1160
< (1, 2, 4, 5, 6, 7) (0, 2, 3, 4, 8, 9)
1316d1164
< (1, 2, 4, 5, 6, 7) (0, 3, 4, 5, 8, 9)
1336d1183
< (1, 2, 4, 5, 6, 8) (0, 2, 3, 4, 8, 9)
1341d1187
< (1, 2, 4, 5, 6, 8) (0, 3, 4, 5, 8, 9)
1349d1194
< (1, 2, 4, 5, 6, 9) (0, 2, 3, 4, 8, 9)
1354d1198
< (1, 2, 4, 5, 6, 9) (0, 3, 4, 5, 8, 9)
1393d1236
< (1, 2, 4, 6, 7, 8) (0, 3, 4, 5, 8, 9)
1400d1242
< (1, 2, 4, 6, 7, 9) (0, 3, 4, 5, 8, 9)
1414d1255
< (1, 2, 4, 6, 8, 9) (0, 3, 4, 5, 8, 9)
1429d1269
< (1, 3, 4, 5, 6, 7) (0, 1, 2, 4, 8, 9)
1434d1273
< (1, 3, 4, 5, 6, 7) (0, 2, 3, 4, 8, 9)
1439d1277
< (1, 3, 4, 5, 6, 7) (0, 2, 4, 5, 8, 9)
1442d1279
< (1, 3, 4, 5, 6, 7) (0, 2, 4, 7, 8, 9)
1456d1292
< (1, 3, 4, 5, 6, 8) (0, 1, 2, 4, 5, 9)
1460,1461d1295
< (1, 3, 4, 5, 6, 8) (0, 1, 2, 4, 7, 9)
< (1, 3, 4, 5, 6, 8) (0, 1, 2, 4, 8, 9)
1469d1302
< (1, 3, 4, 5, 6, 8) (0, 2, 3, 4, 8, 9)
1474d1306
< (1, 3, 4, 5, 6, 8) (0, 2, 4, 5, 8, 9)
1477d1308
< (1, 3, 4, 5, 6, 8) (0, 2, 4, 7, 8, 9)
1484d1314
< (1, 3, 4, 5, 6, 9) (0, 1, 2, 4, 8, 9)
1489d1318
< (1, 3, 4, 5, 6, 9) (0, 2, 3, 4, 8, 9)
1494d1322
< (1, 3, 4, 5, 6, 9) (0, 2, 4, 5, 8, 9)
1497d1324
< (1, 3, 4, 5, 6, 9) (0, 2, 4, 7, 8, 9)
1551d1377
< (1, 4, 5, 6, 7, 8) (0, 2, 3, 4, 8, 9)
1558d1383
< (1, 4, 5, 6, 7, 9) (0, 2, 3, 4, 8, 9)
1572d1396
< (1, 4, 5, 6, 8, 9) (0, 2, 3, 4, 8, 9)
1585c1409
< 1584
---
> 1408
